[
    {
        "id": 1,
        "name": "credit_card_model",
        "accuracy": 0.8695652173913043,
        "correlation_matrix": "                  Gender       Age      Debt   Married  BankCustomer  Industry  Ethnicity  YearsEmployed  PriorDefault  Employed  CreditScore  DriversLicense   Citizen   ZipCode    Income  Approved\nGender          1.000000  0.035044 -0.041746 -0.068062     -0.071250 -0.089697  -0.109350       0.086544     -0.026047 -0.077784    -0.024630        0.051674  0.075413  0.086007 -0.002063 -0.028934\nAge             0.035044  1.000000  0.202177  0.106929      0.099477  0.120104   0.237190       0.391464      0.204434  0.086037     0.187327        0.053599 -0.006481 -0.078690  0.018719  0.164086\nDebt           -0.041746  0.202177  1.000000  0.074649      0.083781  0.078030   0.126237       0.298902      0.244317  0.174846     0.271207       -0.013023 -0.116975 -0.217903  0.123121  0.206294\nMarried        -0.068062  0.106929  0.074649  1.000000      0.992033 -0.111277  -0.062316       0.069945      0.145073  0.175428     0.113968       -0.009784  0.024319 -0.017074 -0.006899  0.180583\nBankCustomer   -0.071250  0.099477  0.083781  0.992033      1.000000 -0.108083  -0.046458       0.075905      0.138535  0.170268     0.111077       -0.002402  0.052141 -0.009513  0.057273  0.188964\nIndustry       -0.089697  0.120104  0.078030 -0.111277     -0.108083  1.000000   0.481521      -0.074235     -0.161784 -0.143740    -0.079754       -0.097701 -0.027940 -0.067478  0.023707 -0.196453\nEthnicity      -0.109350  0.237190  0.126237 -0.062316     -0.046458  0.481521   1.000000       0.070735     -0.057984  0.003966     0.031977       -0.042578 -0.051457 -0.094972  0.086851 -0.057814\nYearsEmployed   0.086544  0.391464  0.298902  0.069945      0.075905 -0.074235   0.070735       1.000000      0.345689  0.222982     0.322330        0.138139 -0.047522 -0.070495  0.051345  0.322475\nPriorDefault   -0.026047  0.204434  0.244317  0.145073      0.138535 -0.161784  -0.057984       0.345689      1.000000  0.432032     0.379532        0.091276 -0.145357 -0.055010  0.090012  0.720407\nEmployed       -0.077784  0.086037  0.174846  0.175428      0.170268 -0.143740   0.003966       0.222982      0.432032  1.000000     0.571498        0.017043 -0.240789 -0.044834  0.077652  0.458301\nCreditScore    -0.024630  0.187327  0.271207  0.113968      0.111077 -0.079754   0.031977       0.322330      0.379532  0.571498     1.000000        0.006944 -0.138341 -0.112816  0.063692  0.406410\nDriversLicense  0.051674  0.053599 -0.013023 -0.009784     -0.002402 -0.097701  -0.042578       0.138139      0.091276  0.017043     0.006944        1.000000 -0.029087  0.154924  0.019201  0.031625\nCitizen         0.075413 -0.006481 -0.116975  0.024319      0.052141 -0.027940  -0.051457      -0.047522     -0.145357 -0.240789    -0.138341       -0.029087  1.000000  0.035488  0.102000 -0.063556\nZipCode         0.086007 -0.078690 -0.217903 -0.017074     -0.009513 -0.067478  -0.094972      -0.070495     -0.055010 -0.044834    -0.112816        0.154924  0.035488  1.000000  0.059234 -0.099598\nIncome         -0.002063  0.018719  0.123121 -0.006899      0.057273  0.023707   0.086851       0.051345      0.090012  0.077652     0.063692        0.019201  0.102000  0.059234  1.000000  0.175657\nApproved       -0.028934  0.164086  0.206294  0.180583      0.188964 -0.196453  -0.057814       0.322475      0.720407  0.458301     0.406410        0.031625 -0.063556 -0.099598  0.175657  1.000000",
        "encoded_columns": "[\"Gender\", \"Age\", \"Debt\", \"Married\", \"BankCustomer\", \"Industry\", \"Ethnicity\", \"YearsEmployed\", \"PriorDefault\", \"Employed\", \"CreditScore\", \"DriversLicense\", \"Citizen\", \"ZipCode\", \"Income\"]",
        "train_model_path": "clean_dataset.csv",
        "test_model_path": "clean_dataset.csv",
        "decision_column": "Approved"
    },
    {
        "id": 2,
        "name": "term_deposit_model",
        "accuracy": 0.9562178072111847,
        "correlation_matrix": "                  age       job   marital  education   housing      loan   contact     month  day_of_week  duration  campaign     pdays  poutcome  nr.employed  Subscribed\nage          1.000000  0.096693 -0.370237  -0.125057 -0.007274 -0.005472 -0.003099  0.031068    -0.022986 -0.019815  0.013563 -0.017794  0.021631    -0.006064    0.016733\njob          0.096693  1.000000  0.018528  -0.060001 -0.009541  0.009108  0.090750  0.117017     0.000002 -0.003047  0.013897 -0.045095  0.045369    -0.075663   -0.073927\nmarital     -0.370237  0.018528  1.000000   0.002582 -0.008581  0.007720  0.047744  0.025597     0.025646  0.015756 -0.000914 -0.019401  0.014133    -0.038737   -0.056395\neducation   -0.125057 -0.060001  0.002582   1.000000  0.004933 -0.004904 -0.055514 -0.071393    -0.004214  0.011765 -0.007093  0.008090 -0.006329     0.001151    0.007653\nhousing     -0.007274 -0.009541 -0.008581   0.004933  1.000000 -0.046938 -0.089339 -0.088282     0.010068  0.001306  0.008163  0.016989 -0.025528     0.016751    0.019668\nloan        -0.005472  0.009108  0.007720  -0.004904 -0.046938  1.000000  0.011856  0.002469    -0.001013  0.004178  0.000215  0.003831 -0.004414     0.012604    0.005352\ncontact     -0.003099  0.090750  0.047744  -0.055514 -0.089339  0.011856  1.000000  0.662160    -0.044582  0.040771 -0.046882 -0.086639  0.166149     0.008311   -0.185656\nmonth        0.031068  0.117017  0.025597  -0.071393 -0.088282  0.002469  0.662160  1.000000    -0.014772 -0.006117 -0.072839 -0.106045  0.241196    -0.125213   -0.200594\nday_of_week -0.022986  0.000002  0.025646  -0.004214  0.010068 -0.001013 -0.044582 -0.014772     1.000000  0.005746  0.023162 -0.003434 -0.003489    -0.020109   -0.015930\nduration    -0.019815 -0.003047  0.015756   0.011765  0.001306  0.004178  0.040771 -0.006117     0.005746  1.000000 -0.073535 -0.037216  0.044816    -0.161979   -0.467726\ncampaign     0.013563  0.013897 -0.000914  -0.007093  0.008163  0.000215 -0.046882 -0.072839     0.023162 -0.073535  1.000000  0.034877 -0.062264     0.122558    0.064421\npdays       -0.017794 -0.045095 -0.019401   0.008090  0.016989  0.003831 -0.086639 -0.106045    -0.003434 -0.037216  0.034877  1.000000 -0.739934     0.345435    0.263177\npoutcome     0.021631  0.045369  0.014133  -0.006329 -0.025528 -0.004414  0.166149  0.241196    -0.003489  0.044816 -0.062264 -0.739934  1.000000    -0.404065   -0.281190\nnr.employed -0.006064 -0.075663 -0.038737   0.001151  0.016751  0.012604  0.008311 -0.125213    -0.020109 -0.161979  0.122558  0.345435 -0.404065     1.000000    0.633393\nSubscribed   0.016733 -0.073927 -0.056395   0.007653  0.019668  0.005352 -0.185656 -0.200594    -0.015930 -0.467726  0.064421  0.263177 -0.281190     0.633393    1.000000",
        "encoded_columns": "[\"age\", \"job\", \"marital\", \"education\", \"housing\", \"loan\", \"contact\", \"month\", \"day_of_week\", \"duration\", \"campaign\", \"pdays\", \"poutcome\", \"nr.employed\"]",
        "train_model_path": "trainset.csv",
        "test_model_path": "testset.csv",
        "decision_column": "Subscribed"
    },
    {
        "id": 3,
        "name": "airline_customer_satisfaction",
        "accuracy": 0.8287126419028497,
        "correlation_matrix": "                                   satisfaction  Customer Type       Age  Type of Travel     Class  Flight Distance  Seat comfort  Departure/Arrival time convenient  Food and drink  Gate location  Inflight wifi service  Inflight entertainment  Online support  Ease of Online booking  On-board service  Leg room service  Baggage handling  Checkin service  Cleanliness  Online boarding  Departure Delay in Minutes  Arrival Delay in Minutes\nsatisfaction                           1.000000       0.292563 -0.117913       -0.108910 -0.196121         0.039133     -0.242371                           0.015624       -0.120568       0.012272              -0.227010               -0.523364       -0.389890               -0.432017         -0.352283         -0.305115         -0.260398        -0.266089    -0.259504        -0.338118                    0.073960                  0.080691\nCustomer Type                          0.292563       1.000000 -0.284275        0.308210 -0.121671         0.019044     -0.043023                          -0.186067       -0.048893      -0.000333              -0.073577               -0.236082       -0.186330               -0.149863         -0.085263         -0.097245         -0.000503        -0.044352    -0.002035        -0.106556                    0.004131                  0.004730\nAge                                   -0.117913      -0.284275  1.000000        0.044910  0.101856        -0.249438      0.008475                           0.038905        0.015496      -0.000805               0.014037                0.130254        0.121287                0.071728          0.066510          0.083684         -0.015554         0.031556    -0.018605         0.037948                   -0.009263                 -0.011248\nType of Travel                        -0.108910       0.308210  0.044910        1.000000  0.361351         0.123183     -0.017327                          -0.191501        0.031400       0.013841               0.018903                0.079068        0.038982                0.025427         -0.035907         -0.014068         -0.048567        -0.057497    -0.058499         0.008899                    0.006336                  0.005830\nClass                                 -0.196121      -0.121671  0.101856        0.361351  1.000000         0.089559     -0.011040                          -0.030072        0.035488      -0.003618               0.038431                0.151627        0.108328                0.078297          0.084136          0.070217          0.058004         0.063661     0.055548         0.058107                   -0.005947                 -0.007754\nFlight Distance                        0.039133       0.019044 -0.249438        0.123183  0.089559         1.000000     -0.042476                           0.001381       -0.004806      -0.002322               0.012314               -0.027344       -0.031860               -0.022326         -0.032422         -0.030220          0.019653         0.002531     0.009391         0.009674                    0.111608                  0.110103\nSeat comfort                          -0.242371      -0.043023  0.008475       -0.017327 -0.011040        -0.042476      1.000000                           0.434945        0.716008       0.405358               0.129152                0.426488        0.120153                0.211576          0.121183          0.136161          0.118557         0.041265     0.108681         0.130365                   -0.023842                 -0.025506\nDeparture/Arrival time convenient      0.015624      -0.186067  0.038905       -0.191501 -0.030072         0.001381      0.434945                           1.000000        0.527575       0.544311              -0.001558                0.077262       -0.000470                0.001853          0.060104          0.029416          0.067201         0.062927     0.067021        -0.000495                    0.004197                  0.002599\nFood and drink                        -0.120568      -0.048893  0.015496        0.031400  0.035488        -0.004806      0.716008                           0.527575        1.000000       0.523530               0.026077                0.367777        0.028503                0.041150          0.038578          0.073975          0.036307         0.011912     0.033313         0.013620                   -0.013375                 -0.014881\nGate location                          0.012272      -0.000333 -0.000805        0.013841 -0.003618        -0.002322      0.405358                           0.544311        0.523530       1.000000              -0.003949               -0.000430        0.002679                0.001365         -0.025346         -0.007462         -0.000345        -0.031809    -0.001789        -0.003141                    0.003997                  0.003640\nInflight wifi service                 -0.227010      -0.073577  0.014037        0.018903  0.038431         0.012314      0.129152                          -0.001558        0.026077      -0.003949               1.000000                0.253941        0.557548                0.601074          0.060854          0.033636          0.038339         0.092402     0.038513         0.631800                   -0.033010                 -0.035270\nInflight entertainment                -0.523364      -0.236082  0.130254        0.079068  0.151627        -0.027344      0.426488                           0.077262        0.367777      -0.000430               0.253941                1.000000        0.441844                0.321891          0.184083          0.160616          0.117286         0.224130     0.109420         0.355692                   -0.030325                 -0.033321\nOnline support                        -0.389890      -0.186330  0.121287        0.038982  0.108328        -0.031860      0.120153                          -0.000470        0.028503       0.002679               0.557548                0.441844        1.000000                0.617642          0.158006          0.138258          0.102399         0.206641     0.095773         0.669886                   -0.033694                 -0.036087\nEase of Online booking                -0.432017      -0.149863  0.071728        0.025427  0.078297        -0.022326      0.211576                           0.001853        0.041150       0.001365               0.601074                0.321891        0.617642                1.000000          0.436439          0.355274          0.398457         0.137896     0.418073         0.684329                   -0.036647                 -0.039806\nOn-board service                      -0.352283      -0.085263  0.066510       -0.035907  0.084136        -0.032422      0.121183                           0.060104        0.038578      -0.025346               0.060854                0.184083        0.158006                0.436439          1.000000          0.411877          0.530591         0.251037     0.551137         0.139578                   -0.037556                 -0.041456\nLeg room service                      -0.305115      -0.097245  0.083684       -0.014068  0.070217        -0.030220      0.136161                           0.029416        0.073975      -0.007462               0.033636                0.160616        0.138258                0.355274          0.411877          1.000000          0.411725         0.167954     0.411682         0.113025                    0.003508                  0.000472\nBaggage handling                      -0.260398      -0.000503 -0.015554       -0.048567  0.058004         0.019653      0.118557                           0.067201        0.036307      -0.000345               0.038339                0.117286        0.102399                0.398457          0.530591          0.411725          1.000000         0.241203     0.632047         0.111927                   -0.010297                 -0.014164\nCheckin service                       -0.266089      -0.044352  0.031556       -0.057497  0.063661         0.002531      0.041265                           0.062927        0.011912      -0.031809               0.092402                0.224130        0.206641                0.137896          0.251037          0.167954          0.241203         1.000000     0.241943         0.184149                   -0.020734                 -0.023860\nCleanliness                           -0.259504      -0.002035 -0.018605       -0.058499  0.055548         0.009391      0.108681                           0.067021        0.033313      -0.001789               0.038513                0.109420        0.095773                0.418073          0.551137          0.411682          0.632047         0.241943     1.000000         0.106441                   -0.062018                 -0.067208\nOnline boarding                       -0.338118      -0.106556  0.037948        0.008899  0.058107         0.009674      0.130365                          -0.000495        0.013620      -0.003141               0.631800                0.355692        0.669886                0.684329          0.139578          0.113025          0.111927         0.184149     0.106441         1.000000                   -0.019993                 -0.021784\nDeparture Delay in Minutes             0.073960       0.004131 -0.009263        0.006336 -0.005947         0.111608     -0.023842                           0.004197       -0.013375       0.003997              -0.033010               -0.030325       -0.033694               -0.036647         -0.037556          0.003508         -0.010297        -0.020734    -0.062018        -0.019993                    1.000000                  0.965291\nArrival Delay in Minutes               0.080691       0.004730 -0.011248        0.005830 -0.007754         0.110103     -0.025506                           0.002599       -0.014881       0.003640              -0.035270               -0.033321       -0.036087               -0.039806         -0.041456          0.000472         -0.014164        -0.023860    -0.067208        -0.021784                    0.965291                  1.000000",
        "encoded_columns": "[\"Customer Type\", \"Age\", \"Type of Travel\", \"Class\", \"Flight Distance\", \"Seat comfort\", \"Departure/Arrival time convenient\", \"Food and drink\", \"Gate location\", \"Inflight wifi service\", \"Inflight entertainment\", \"Online support\", \"Ease of Online booking\", \"On-board service\", \"Leg room service\", \"Baggage handling\", \"Checkin service\", \"Cleanliness\", \"Online boarding\", \"Departure Delay in Minutes\", \"Arrival Delay in Minutes\"]",
        "train_model_path": "Airline_customer_satisfaction.csv",
        "test_model_path": "Airline_customer_satisfaction.csv",
        "decision_column": "satisfaction"
    }
]