[
    {
        "id": 1,
        "name": "airline_customer_satisfaction",
        "accuracy": 0.8287126419028497,
        "correlationMatrix": "                                   satisfaction  Customer Type       Age  Type of Travel     Class  Flight Distance  Seat comfort  Departure/Arrival time convenient  Food and drink  Gate location  Inflight wifi service  Inflight entertainment  Online support  Ease of Online booking  On-board service  Leg room service  Baggage handling  Checkin service  Cleanliness  Online boarding  Departure Delay in Minutes  Arrival Delay in Minutes\nsatisfaction                           1.000000       0.292563 -0.117913       -0.108910 -0.196121         0.039133     -0.242371                           0.015624       -0.120568       0.012272              -0.227010               -0.523364       -0.389890               -0.432017         -0.352283         -0.305115         -0.260398        -0.266089    -0.259504        -0.338118                    0.073960                  0.080691\nCustomer Type                          0.292563       1.000000 -0.284275        0.308210 -0.121671         0.019044     -0.043023                          -0.186067       -0.048893      -0.000333              -0.073577               -0.236082       -0.186330               -0.149863         -0.085263         -0.097245         -0.000503        -0.044352    -0.002035        -0.106556                    0.004131                  0.004730\nAge                                   -0.117913      -0.284275  1.000000        0.044910  0.101856        -0.249438      0.008475                           0.038905        0.015496      -0.000805               0.014037                0.130254        0.121287                0.071728          0.066510          0.083684         -0.015554         0.031556    -0.018605         0.037948                   -0.009263                 -0.011248\nType of Travel                        -0.108910       0.308210  0.044910        1.000000  0.361351         0.123183     -0.017327                          -0.191501        0.031400       0.013841               0.018903                0.079068        0.038982                0.025427         -0.035907         -0.014068         -0.048567        -0.057497    -0.058499         0.008899                    0.006336                  0.005830\nClass                                 -0.196121      -0.121671  0.101856        0.361351  1.000000         0.089559     -0.011040                          -0.030072        0.035488      -0.003618               0.038431                0.151627        0.108328                0.078297          0.084136          0.070217          0.058004         0.063661     0.055548         0.058107                   -0.005947                 -0.007754\nFlight Distance                        0.039133       0.019044 -0.249438        0.123183  0.089559         1.000000     -0.042476                           0.001381       -0.004806      -0.002322               0.012314               -0.027344       -0.031860               -0.022326         -0.032422         -0.030220          0.019653         0.002531     0.009391         0.009674                    0.111608                  0.110103\nSeat comfort                          -0.242371      -0.043023  0.008475       -0.017327 -0.011040        -0.042476      1.000000                           0.434945        0.716008       0.405358               0.129152                0.426488        0.120153                0.211576          0.121183          0.136161          0.118557         0.041265     0.108681         0.130365                   -0.023842                 -0.025506\nDeparture/Arrival time convenient      0.015624      -0.186067  0.038905       -0.191501 -0.030072         0.001381      0.434945                           1.000000        0.527575       0.544311              -0.001558                0.077262       -0.000470                0.001853          0.060104          0.029416          0.067201         0.062927     0.067021        -0.000495                    0.004197                  0.002599\nFood and drink                        -0.120568      -0.048893  0.015496        0.031400  0.035488        -0.004806      0.716008                           0.527575        1.000000       0.523530               0.026077                0.367777        0.028503                0.041150          0.038578          0.073975          0.036307         0.011912     0.033313         0.013620                   -0.013375                 -0.014881\nGate location                          0.012272      -0.000333 -0.000805        0.013841 -0.003618        -0.002322      0.405358                           0.544311        0.523530       1.000000              -0.003949               -0.000430        0.002679                0.001365         -0.025346         -0.007462         -0.000345        -0.031809    -0.001789        -0.003141                    0.003997                  0.003640\nInflight wifi service                 -0.227010      -0.073577  0.014037        0.018903  0.038431         0.012314      0.129152                          -0.001558        0.026077      -0.003949               1.000000                0.253941        0.557548                0.601074          0.060854          0.033636          0.038339         0.092402     0.038513         0.631800                   -0.033010                 -0.035270\nInflight entertainment                -0.523364      -0.236082  0.130254        0.079068  0.151627        -0.027344      0.426488                           0.077262        0.367777      -0.000430               0.253941                1.000000        0.441844                0.321891          0.184083          0.160616          0.117286         0.224130     0.109420         0.355692                   -0.030325                 -0.033321\nOnline support                        -0.389890      -0.186330  0.121287        0.038982  0.108328        -0.031860      0.120153                          -0.000470        0.028503       0.002679               0.557548                0.441844        1.000000                0.617642          0.158006          0.138258          0.102399         0.206641     0.095773         0.669886                   -0.033694                 -0.036087\nEase of Online booking                -0.432017      -0.149863  0.071728        0.025427  0.078297        -0.022326      0.211576                           0.001853        0.041150       0.001365               0.601074                0.321891        0.617642                1.000000          0.436439          0.355274          0.398457         0.137896     0.418073         0.684329                   -0.036647                 -0.039806\nOn-board service                      -0.352283      -0.085263  0.066510       -0.035907  0.084136        -0.032422      0.121183                           0.060104        0.038578      -0.025346               0.060854                0.184083        0.158006                0.436439          1.000000          0.411877          0.530591         0.251037     0.551137         0.139578                   -0.037556                 -0.041456\nLeg room service                      -0.305115      -0.097245  0.083684       -0.014068  0.070217        -0.030220      0.136161                           0.029416        0.073975      -0.007462               0.033636                0.160616        0.138258                0.355274          0.411877          1.000000          0.411725         0.167954     0.411682         0.113025                    0.003508                  0.000472\nBaggage handling                      -0.260398      -0.000503 -0.015554       -0.048567  0.058004         0.019653      0.118557                           0.067201        0.036307      -0.000345               0.038339                0.117286        0.102399                0.398457          0.530591          0.411725          1.000000         0.241203     0.632047         0.111927                   -0.010297                 -0.014164\nCheckin service                       -0.266089      -0.044352  0.031556       -0.057497  0.063661         0.002531      0.041265                           0.062927        0.011912      -0.031809               0.092402                0.224130        0.206641                0.137896          0.251037          0.167954          0.241203         1.000000     0.241943         0.184149                   -0.020734                 -0.023860\nCleanliness                           -0.259504      -0.002035 -0.018605       -0.058499  0.055548         0.009391      0.108681                           0.067021        0.033313      -0.001789               0.038513                0.109420        0.095773                0.418073          0.551137          0.411682          0.632047         0.241943     1.000000         0.106441                   -0.062018                 -0.067208\nOnline boarding                       -0.338118      -0.106556  0.037948        0.008899  0.058107         0.009674      0.130365                          -0.000495        0.013620      -0.003141               0.631800                0.355692        0.669886                0.684329          0.139578          0.113025          0.111927         0.184149     0.106441         1.000000                   -0.019993                 -0.021784\nDeparture Delay in Minutes             0.073960       0.004131 -0.009263        0.006336 -0.005947         0.111608     -0.023842                           0.004197       -0.013375       0.003997              -0.033010               -0.030325       -0.033694               -0.036647         -0.037556          0.003508         -0.010297        -0.020734    -0.062018        -0.019993                    1.000000                  0.965291\nArrival Delay in Minutes               0.080691       0.004730 -0.011248        0.005830 -0.007754         0.110103     -0.025506                           0.002599       -0.014881       0.003640              -0.035270               -0.033321       -0.036087               -0.039806         -0.041456          0.000472         -0.014164        -0.023860    -0.067208        -0.021784                    0.965291                  1.000000",
        "encodedColumns": "[\"Customer Type\", \"Age\", \"Type of Travel\", \"Class\", \"Flight Distance\", \"Seat comfort\", \"Departure/Arrival time convenient\", \"Food and drink\", \"Gate location\", \"Inflight wifi service\", \"Inflight entertainment\", \"Online support\", \"Ease of Online booking\", \"On-board service\", \"Leg room service\", \"Baggage handling\", \"Checkin service\", \"Cleanliness\", \"Online boarding\", \"Departure Delay in Minutes\", \"Arrival Delay in Minutes\"]",
        "trainModelPath": "Airline_customer_satisfaction.csv",
        "testModelPath": "Airline_customer_satisfaction.csv",
        "decisionColumn": "satisfaction"
    },
    {
        "id": 2,
        "name": "credit_card_model",
        "accuracy": 0.8695652173913043,
        "correlationMatrix": "                  Gender       Age      Debt   Married  BankCustomer  Industry  Ethnicity  YearsEmployed  PriorDefault  Employed  CreditScore  DriversLicense   Citizen   ZipCode    Income  Approved\nGender          1.000000  0.035044 -0.041746 -0.068062     -0.071250 -0.089697  -0.109350       0.086544     -0.026047 -0.077784    -0.024630        0.051674  0.075413  0.086007 -0.002063 -0.028934\nAge             0.035044  1.000000  0.202177  0.106929      0.099477  0.120104   0.237190       0.391464      0.204434  0.086037     0.187327        0.053599 -0.006481 -0.078690  0.018719  0.164086\nDebt           -0.041746  0.202177  1.000000  0.074649      0.083781  0.078030   0.126237       0.298902      0.244317  0.174846     0.271207       -0.013023 -0.116975 -0.217903  0.123121  0.206294\nMarried        -0.068062  0.106929  0.074649  1.000000      0.992033 -0.111277  -0.062316       0.069945      0.145073  0.175428     0.113968       -0.009784  0.024319 -0.017074 -0.006899  0.180583\nBankCustomer   -0.071250  0.099477  0.083781  0.992033      1.000000 -0.108083  -0.046458       0.075905      0.138535  0.170268     0.111077       -0.002402  0.052141 -0.009513  0.057273  0.188964\nIndustry       -0.089697  0.120104  0.078030 -0.111277     -0.108083  1.000000   0.481521      -0.074235     -0.161784 -0.143740    -0.079754       -0.097701 -0.027940 -0.067478  0.023707 -0.196453\nEthnicity      -0.109350  0.237190  0.126237 -0.062316     -0.046458  0.481521   1.000000       0.070735     -0.057984  0.003966     0.031977       -0.042578 -0.051457 -0.094972  0.086851 -0.057814\nYearsEmployed   0.086544  0.391464  0.298902  0.069945      0.075905 -0.074235   0.070735       1.000000      0.345689  0.222982     0.322330        0.138139 -0.047522 -0.070495  0.051345  0.322475\nPriorDefault   -0.026047  0.204434  0.244317  0.145073      0.138535 -0.161784  -0.057984       0.345689      1.000000  0.432032     0.379532        0.091276 -0.145357 -0.055010  0.090012  0.720407\nEmployed       -0.077784  0.086037  0.174846  0.175428      0.170268 -0.143740   0.003966       0.222982      0.432032  1.000000     0.571498        0.017043 -0.240789 -0.044834  0.077652  0.458301\nCreditScore    -0.024630  0.187327  0.271207  0.113968      0.111077 -0.079754   0.031977       0.322330      0.379532  0.571498     1.000000        0.006944 -0.138341 -0.112816  0.063692  0.406410\nDriversLicense  0.051674  0.053599 -0.013023 -0.009784     -0.002402 -0.097701  -0.042578       0.138139      0.091276  0.017043     0.006944        1.000000 -0.029087  0.154924  0.019201  0.031625\nCitizen         0.075413 -0.006481 -0.116975  0.024319      0.052141 -0.027940  -0.051457      -0.047522     -0.145357 -0.240789    -0.138341       -0.029087  1.000000  0.035488  0.102000 -0.063556\nZipCode         0.086007 -0.078690 -0.217903 -0.017074     -0.009513 -0.067478  -0.094972      -0.070495     -0.055010 -0.044834    -0.112816        0.154924  0.035488  1.000000  0.059234 -0.099598\nIncome         -0.002063  0.018719  0.123121 -0.006899      0.057273  0.023707   0.086851       0.051345      0.090012  0.077652     0.063692        0.019201  0.102000  0.059234  1.000000  0.175657\nApproved       -0.028934  0.164086  0.206294  0.180583      0.188964 -0.196453  -0.057814       0.322475      0.720407  0.458301     0.406410        0.031625 -0.063556 -0.099598  0.175657  1.000000",
        "encodedColumns": "[\"Gender\", \"Age\", \"Debt\", \"Married\", \"BankCustomer\", \"Industry\", \"Ethnicity\", \"YearsEmployed\", \"PriorDefault\", \"Employed\", \"CreditScore\", \"DriversLicense\", \"Citizen\", \"ZipCode\", \"Income\"]",
        "trainModelPath": "clean_dataset.csv",
        "testModelPath": "clean_dataset.csv",
        "decisionColumn": "Approved"
    },
    {
        "id": 3,
        "name": "term_deposit_model",
        "accuracy": 0.9562178072111847,
        "correlationMatrix": "                  age       job   marital  education   housing      loan   contact     month  day_of_week  duration  campaign     pdays  poutcome  nr.employed  Subscribed\nage          1.000000  0.096693 -0.370237  -0.125057 -0.007274 -0.005472 -0.003099  0.031068    -0.022986 -0.019815  0.013563 -0.017794  0.021631    -0.006064    0.016733\njob          0.096693  1.000000  0.018528  -0.060001 -0.009541  0.009108  0.090750  0.117017     0.000002 -0.003047  0.013897 -0.045095  0.045369    -0.075663   -0.073927\nmarital     -0.370237  0.018528  1.000000   0.002582 -0.008581  0.007720  0.047744  0.025597     0.025646  0.015756 -0.000914 -0.019401  0.014133    -0.038737   -0.056395\neducation   -0.125057 -0.060001  0.002582   1.000000  0.004933 -0.004904 -0.055514 -0.071393    -0.004214  0.011765 -0.007093  0.008090 -0.006329     0.001151    0.007653\nhousing     -0.007274 -0.009541 -0.008581   0.004933  1.000000 -0.046938 -0.089339 -0.088282     0.010068  0.001306  0.008163  0.016989 -0.025528     0.016751    0.019668\nloan        -0.005472  0.009108  0.007720  -0.004904 -0.046938  1.000000  0.011856  0.002469    -0.001013  0.004178  0.000215  0.003831 -0.004414     0.012604    0.005352\ncontact     -0.003099  0.090750  0.047744  -0.055514 -0.089339  0.011856  1.000000  0.662160    -0.044582  0.040771 -0.046882 -0.086639  0.166149     0.008311   -0.185656\nmonth        0.031068  0.117017  0.025597  -0.071393 -0.088282  0.002469  0.662160  1.000000    -0.014772 -0.006117 -0.072839 -0.106045  0.241196    -0.125213   -0.200594\nday_of_week -0.022986  0.000002  0.025646  -0.004214  0.010068 -0.001013 -0.044582 -0.014772     1.000000  0.005746  0.023162 -0.003434 -0.003489    -0.020109   -0.015930\nduration    -0.019815 -0.003047  0.015756   0.011765  0.001306  0.004178  0.040771 -0.006117     0.005746  1.000000 -0.073535 -0.037216  0.044816    -0.161979   -0.467726\ncampaign     0.013563  0.013897 -0.000914  -0.007093  0.008163  0.000215 -0.046882 -0.072839     0.023162 -0.073535  1.000000  0.034877 -0.062264     0.122558    0.064421\npdays       -0.017794 -0.045095 -0.019401   0.008090  0.016989  0.003831 -0.086639 -0.106045    -0.003434 -0.037216  0.034877  1.000000 -0.739934     0.345435    0.263177\npoutcome     0.021631  0.045369  0.014133  -0.006329 -0.025528 -0.004414  0.166149  0.241196    -0.003489  0.044816 -0.062264 -0.739934  1.000000    -0.404065   -0.281190\nnr.employed -0.006064 -0.075663 -0.038737   0.001151  0.016751  0.012604  0.008311 -0.125213    -0.020109 -0.161979  0.122558  0.345435 -0.404065     1.000000    0.633393\nSubscribed   0.016733 -0.073927 -0.056395   0.007653  0.019668  0.005352 -0.185656 -0.200594    -0.015930 -0.467726  0.064421  0.263177 -0.281190     0.633393    1.000000",
        "encodedColumns": "[\"age\", \"job\", \"marital\", \"education\", \"housing\", \"loan\", \"contact\", \"month\", \"day_of_week\", \"duration\", \"campaign\", \"pdays\", \"poutcome\", \"nr.employed\"]",
        "trainModelPath": "trainset.csv",
        "testModelPath": "testset.csv",
        "decisionColumn": "Subscribed"
    },
    {
        "id": 4,
        "name": "divorce_model",
        "accuracy": 1.0,
        "correlationMatrix": "                               Sorry_end  Ignore_diff  begin_correct   Contact  Special_time  No_home_time  2_strangers  enjoy_holiday  enjoy_travel  common_goals   harmony  freeom_value  entertain  people_goals    dreams      love     happy  marriage     roles     trust     likes  care_sick  fav_food  stresses  inner_world  anxieties  current_stress  hopes_wishes  know_well  friends_social  Aggro_argue  Always_never  negative_personality  offensive_expressions    insult  humiliate  not_calm  hate_subjects  sudden_discussion  idk_what's_going_on  calm_breaks  argue_then_leave  silent_for_calm  good_to_leave_home  silence_instead_of_discussion  silence_for_harm  silence_fear_anger  I'm_right  accusations  I'm_not_guilty  I'm_not_wrong  no_hesitancy_inadequate  you're_inadequate  incompetence  Divorce_Y_N\nSorry_end                       1.000000     0.819066       0.832508  0.825066      0.881272      0.287140     0.427989       0.802357      0.845916      0.790183  0.892253      0.794307   0.842996      0.817099  0.848754  0.831822  0.895970  0.853739  0.900446  0.840966  0.815708   0.785280  0.822534  0.813233     0.822084   0.803507        0.829037      0.762102   0.858139        0.792257     0.699223      0.739679              0.799735               0.749774  0.796413   0.812867  0.786890       0.804129           0.817035             0.838355     0.804182          0.642307         0.482223            0.752972                       0.510160          0.400296            0.582693   0.633564     0.674843        0.725443       0.684143                 0.575463           0.611422      0.768522     0.861324\nIgnore_diff                     0.819066     1.000000       0.805876  0.791313      0.819360      0.102843     0.417616       0.864284      0.827711      0.782286  0.823380      0.862835   0.791073      0.875800  0.801316  0.806497  0.822317  0.883856  0.829422  0.884176  0.790468   0.795406  0.773018  0.868240     0.769244   0.861421        0.817364      0.776943   0.789827        0.844007     0.661210      0.735763              0.757286               0.714360  0.753566   0.781295  0.747088       0.751705           0.787768             0.788200     0.780757          0.648539         0.503894            0.699765                       0.489062          0.389519            0.616884   0.643762     0.659841        0.680538       0.636558                 0.536294           0.610726      0.728897     0.820774\nbegin_correct                   0.832508     0.805876       1.000000  0.806709      0.800774      0.263032     0.464071       0.757264      0.816653      0.753017  0.805915      0.780258   0.758969      0.750602  0.806909  0.775528  0.808161  0.797395  0.798999  0.807892  0.796069   0.727933  0.706585  0.740476     0.724506   0.728653        0.797595      0.689914   0.755491        0.752391     0.652188      0.747669              0.726481               0.702500  0.730290   0.744390  0.736984       0.740642           0.759820             0.781657     0.739967          0.569293         0.385152            0.661830                       0.427409          0.308149            0.544863   0.638256     0.647961        0.663995       0.600603                 0.491803           0.598749      0.673012     0.806709\nContact                         0.825066     0.791313       0.806709  1.000000      0.818472      0.185963     0.474806       0.798347      0.829053      0.873636  0.808533      0.793992   0.751623      0.757000  0.794184  0.878416  0.809968  0.835296  0.832750  0.815896  0.775132   0.839534  0.744783  0.776640     0.736228   0.762765        0.767206      0.827847   0.781792        0.772562     0.661251      0.746677              0.764381               0.729022  0.770813   0.794636  0.760451       0.790350           0.763502             0.798520     0.768706          0.639671         0.452479            0.707212                       0.446798          0.340240            0.552301   0.630205     0.699069        0.685263       0.624015                 0.534264           0.588390      0.698264     0.819583\nSpecial_time                    0.881272     0.819360       0.800774  0.818472      1.000000      0.297834     0.381378       0.877584      0.916327      0.823659  0.936955      0.846513   0.915033      0.845576  0.879461  0.853561  0.947429  0.894474  0.943349  0.892909  0.871994   0.840265  0.888584  0.833608     0.888740   0.836194        0.883768      0.809789   0.925601        0.837501     0.785038      0.832032              0.879037               0.827560  0.878289   0.887498  0.859581       0.852601           0.866293             0.871809     0.864434          0.737922         0.613142            0.799453                       0.591656          0.470758            0.719899   0.659220     0.762257        0.795960       0.742664                 0.663855           0.719493      0.836799     0.893180\nNo_home_time                    0.287140     0.102843       0.263032  0.185963      0.297834      1.000000     0.424212       0.184019      0.301342      0.266076  0.340135      0.209801   0.305109      0.224459  0.323787  0.311056  0.377330  0.251856  0.365227  0.230486  0.273564   0.220010  0.246478  0.191458     0.291159   0.200634        0.283895      0.254858   0.309302        0.266464     0.247634      0.316605              0.292037               0.279789  0.276539   0.287708  0.281458       0.297791           0.296121             0.351433     0.329765          0.227993         0.171599            0.339918                       0.094820          0.127759            0.212979   0.200673     0.201091        0.221100       0.179119                 0.205056           0.258092      0.292428     0.420913\n2_strangers                     0.427989     0.417616       0.464071  0.474806      0.381378      0.424212     1.000000       0.412807      0.517522      0.498266  0.432479      0.511761   0.373361      0.491021  0.494110  0.573290  0.461450  0.544550  0.469995  0.544207  0.409827   0.378915  0.254912  0.446469     0.288867   0.443149        0.444643      0.351262   0.349379        0.448569     0.334308      0.442306              0.395764               0.328700  0.349076   0.370158  0.431979       0.401769           0.477063             0.501758     0.445483          0.333211         0.149930            0.425874                       0.199548          0.069850            0.254225   0.311110     0.291325        0.332370       0.349920                 0.243104           0.313725      0.347493     0.544835\nenjoy_holiday                   0.802357     0.864284       0.757264  0.798347      0.877584      0.184019     0.412807       1.000000      0.915301      0.828031  0.889795      0.890338   0.840350      0.888822  0.873804  0.865680  0.881005  0.941084  0.873546  0.922465  0.861939   0.857010  0.845731  0.896841     0.809110   0.883414        0.848766      0.822361   0.860194        0.902820     0.716731      0.762425              0.818682               0.780778  0.827441   0.845435  0.800964       0.815830           0.797134             0.822302     0.821081          0.699571         0.555187            0.760016                       0.542547          0.433541            0.675584   0.588531     0.674776        0.729668       0.690190                 0.658613           0.705071      0.807911     0.869569\nenjoy_travel                    0.845916     0.827711       0.816653  0.829053      0.916327      0.301342     0.517522       0.915301      1.000000      0.852385  0.911557      0.869088   0.873048      0.868122  0.949041  0.893377  0.922307  0.925543  0.916472  0.902254  0.909428   0.849978  0.850241  0.851000     0.838754   0.850286        0.903959      0.818032   0.878845        0.854455     0.745699      0.803397              0.844909               0.810135  0.854943   0.871648  0.839067       0.849469           0.850638             0.875661     0.852477          0.737409         0.585679            0.808607                       0.575326          0.434318            0.693839   0.611726     0.711503        0.755509       0.713750                 0.652376           0.699211      0.810977     0.912368\ncommon_goals                    0.790183     0.782286       0.753017  0.873636      0.823659      0.266076     0.498266       0.828031      0.852385      1.000000  0.855596      0.847474   0.819715      0.797964  0.853898  0.922320  0.843101  0.867250  0.837476  0.846435  0.793875   0.862670  0.750494  0.796453     0.792520   0.802167        0.796466      0.848007   0.790977        0.801220     0.704880      0.759551              0.755521               0.737276  0.755314   0.781450  0.779488       0.796215           0.782768             0.819700     0.777444          0.670209         0.459405            0.723545                       0.435798          0.342315            0.559998   0.550313     0.659604        0.672236       0.618666                 0.513842           0.592641      0.698528     0.834897\nharmony                         0.892253     0.823380       0.805915  0.808533      0.936955      0.340135     0.432479       0.889795      0.911557      0.855596  1.000000      0.869857   0.909464      0.863584  0.894711  0.877091  0.944807  0.909451  0.950068  0.890672  0.864827   0.824769  0.866512  0.840880     0.883662   0.840102        0.863438      0.825348   0.918680        0.864895     0.760287      0.810180              0.838584               0.801340  0.849345   0.859192  0.859741       0.877041           0.876822             0.892390     0.867347          0.706202         0.541927            0.786819                       0.530084          0.411962            0.645995   0.616833     0.716001        0.766418       0.696282                 0.631223           0.703364      0.819972     0.918386\nfreeom_value                    0.794307     0.862835       0.780258  0.793992      0.846513      0.209801     0.511761       0.890338      0.869088      0.847474  0.869857      1.000000   0.856477      0.899930  0.886885  0.862743  0.882208  0.943030  0.876070  0.938615  0.837634   0.806547  0.788013  0.868240     0.819274   0.896329        0.845015      0.807137   0.835372        0.894891     0.729707      0.780434              0.784368               0.744012  0.795119   0.801458  0.791697       0.788864           0.836973             0.839794     0.808837          0.689493         0.509869            0.757176                       0.494435          0.374833            0.632118   0.587084     0.662506        0.700609       0.633361                 0.541752           0.613401      0.707153     0.868983\nentertain                       0.842996     0.791073       0.758969  0.751623      0.915033      0.305109     0.373361       0.840350      0.873048      0.819715  0.909464      0.856477   1.000000      0.814915  0.876541  0.844350  0.917924  0.854894  0.904728  0.849431  0.845784   0.810463  0.865323  0.796353     0.864839   0.799353        0.835587      0.775948   0.884353        0.797680     0.744741      0.768317              0.808371               0.771252  0.825087   0.834481  0.817404       0.800670           0.818094             0.832044     0.810891          0.697846         0.566212            0.768389                       0.530597          0.441968            0.654707   0.607921     0.666462        0.746365       0.677543                 0.613943           0.682513      0.761607     0.844743\npeople_goals                    0.817099     0.875800       0.750602  0.757000      0.845576      0.224459     0.491021       0.888822      0.868122      0.797964  0.863584      0.899930   0.814915      1.000000  0.851043  0.837063  0.845456  0.929789  0.872924  0.933584  0.849628   0.833041  0.815960  0.890841     0.810487   0.907042        0.862586      0.835178   0.843408        0.903153     0.722059      0.747739              0.787038               0.750307  0.797137   0.801838  0.776561       0.777820           0.832253             0.823337     0.817732          0.681906         0.559273            0.745077                       0.526326          0.417249            0.622207   0.613143     0.637968        0.687542       0.649200                 0.583448           0.642306      0.764686     0.864316\ndreams                          0.848754     0.801316       0.806909  0.794184      0.879461      0.323787     0.494110       0.873804      0.949041      0.853898  0.894711      0.886885   0.876541      0.851043  1.000000  0.889704  0.916223  0.919839  0.899364  0.873029  0.885272   0.817293  0.823576  0.833695     0.834039   0.854944        0.881897      0.800891   0.860937        0.838144     0.736867      0.769978              0.809182               0.774843  0.812111   0.825950  0.815727       0.832385           0.834649             0.858361     0.829284          0.722542         0.572376            0.810753                       0.543280          0.419023            0.652757   0.570107     0.672676        0.713697       0.663087                 0.579265           0.632804      0.757981     0.901220\nlove                            0.831822     0.806497       0.775528  0.878416      0.853561      0.311056     0.573290       0.865680      0.893377      0.922320  0.877091      0.862743   0.844350      0.837063  0.889704  1.000000  0.892004  0.906975  0.884670  0.893032  0.841238   0.889200  0.782430  0.830316     0.791874   0.840114        0.835819      0.874271   0.834933        0.841879     0.706961      0.751706              0.790436               0.750533  0.797909   0.817877  0.806539       0.821817           0.818649             0.848654     0.816712          0.700080         0.521657            0.765501                       0.516212          0.404929            0.619932   0.560172     0.658464        0.711698       0.659871                 0.583625           0.623016      0.750224     0.886260\nhappy                           0.895970     0.822317       0.808161  0.809968      0.947429      0.377330     0.461450       0.881005      0.922307      0.843101  0.944807      0.882208   0.917924      0.845456  0.916223  0.892004  1.000000  0.918684  0.964425  0.905699  0.880581   0.842629  0.887336  0.853143     0.898558   0.864205        0.884378      0.821612   0.930227        0.850587     0.775049      0.807003              0.863375               0.816157  0.878462   0.879858  0.852587       0.857029           0.872194             0.888402     0.874126          0.745951         0.580678            0.825860                       0.574382          0.463868            0.692801   0.611383     0.731158        0.754691       0.698285                 0.626845           0.694300      0.812494     0.929346\nmarriage                        0.853739     0.883856       0.797395  0.835296      0.894474      0.251856     0.544550       0.941084      0.925543      0.867250  0.909451      0.943030   0.854894      0.929789  0.919839  0.906975  0.918684  1.000000  0.917737  0.961844  0.866045   0.841782  0.824514  0.919184     0.841139   0.926811        0.883769      0.839433   0.874483        0.918040     0.741339      0.783948              0.823524               0.773541  0.822452   0.839746  0.828422       0.830768           0.850934             0.876001     0.843850          0.713015         0.562899            0.812515                       0.535629          0.422372            0.645743   0.577324     0.703300        0.726645       0.671822                 0.620433           0.666990      0.781632     0.923208\nroles                           0.900446     0.829422       0.798999  0.832750      0.943349      0.365227     0.469995       0.873546      0.916472      0.837476  0.950068      0.876070   0.904728      0.872924  0.899364  0.884670  0.964425  0.917737  1.000000  0.907114  0.890628   0.845202  0.899445  0.858590     0.889363   0.869410        0.889391      0.846688   0.940079        0.867974     0.782771      0.823098              0.864799               0.815796  0.866893   0.878096  0.853891       0.863380           0.881538             0.891596     0.883014          0.750662         0.609833            0.814405                       0.598559          0.459280            0.687382   0.634737     0.740252        0.752400       0.689729                 0.646107           0.691421      0.814552     0.928627\ntrust                           0.840966     0.884176       0.807892  0.815896      0.892909      0.230486     0.544207       0.922465      0.902254      0.846435  0.890672      0.938615   0.849431      0.933584  0.873029  0.893032  0.905699  0.961844  0.907114  1.000000  0.880191   0.852057  0.831065  0.908759     0.838318   0.923414        0.882654      0.845972   0.876214        0.932468     0.770640      0.807708              0.851242               0.791102  0.848768   0.856845  0.832245       0.833990           0.863790             0.871444     0.856774          0.710188         0.544760            0.781199                       0.548812          0.427054            0.666745   0.623265     0.718281        0.746519       0.700391                 0.623030           0.688278      0.801546     0.907008\nlikes                           0.815708     0.790468       0.796069  0.775132      0.871994      0.273564     0.409827       0.861939      0.909428      0.793875  0.864827      0.837634   0.845784      0.849628  0.885272  0.841238  0.880581  0.866045  0.890628  0.880191  1.000000   0.903371  0.889305  0.853811     0.848089   0.871132        0.930125      0.868404   0.929916        0.892157     0.766598      0.795949              0.882906               0.813695  0.888597   0.881405  0.826745       0.841629           0.836937             0.827052     0.845803          0.736541         0.602586            0.793248                       0.580595          0.506472            0.714223   0.609352     0.735288        0.753011       0.706653                 0.642550           0.711991      0.831327     0.864519\ncare_sick                       0.785280     0.795406       0.727933  0.839534      0.840265      0.220010     0.378915       0.857010      0.849978      0.862670  0.824769      0.806547   0.810463      0.833041  0.817293  0.889200  0.842629  0.841782  0.845202  0.852057  0.903371   1.000000  0.879774  0.847019     0.827606   0.854663        0.859624      0.936827   0.881787        0.862610     0.749619      0.777401              0.855038               0.803309  0.861172   0.861040  0.796865       0.813329           0.795268             0.798138     0.815492          0.707728         0.580480            0.766186                       0.571974          0.503282            0.689916   0.592974     0.706148        0.736448       0.688090                 0.626827           0.700597      0.810719     0.825938\nfav_food                        0.822534     0.773018       0.706585  0.744783      0.888584      0.246478     0.254912       0.845731      0.850241      0.750494  0.866512      0.788013   0.865323      0.815960  0.823576  0.782430  0.887336  0.824514  0.899445  0.831065  0.889305   0.879774  1.000000  0.844648     0.921060   0.843555        0.871626      0.864236   0.941470        0.825683     0.816498      0.784299              0.866838               0.826187  0.896733   0.895169  0.825269       0.833401           0.808673             0.833958     0.864292          0.736628         0.646738            0.832766                       0.638429          0.597487            0.768102   0.623255     0.731493        0.754818       0.695089                 0.660679           0.721908      0.828007     0.837504\nstresses                        0.813233     0.868240       0.740476  0.776640      0.833608      0.191458     0.446469       0.896841      0.851000      0.796453  0.840880      0.868240   0.796353      0.890841  0.833695  0.830316  0.853143  0.919184  0.858590  0.908759  0.853811   0.847019  0.844648  1.000000     0.838647   0.929349        0.885952      0.839795   0.862115        0.894183     0.719455      0.745936              0.810555               0.749498  0.819136   0.809851  0.782331       0.776049           0.815075             0.806476     0.839562          0.677644         0.570510            0.773260                       0.535168          0.484264            0.692690   0.593157     0.699272        0.710019       0.660250                 0.617920           0.689712      0.771216     0.839392\ninner_world                     0.822084     0.769244       0.724506  0.736228      0.888740      0.291159     0.288867       0.809110      0.838754      0.792520  0.883662      0.819274   0.864839      0.810487  0.834039  0.791874  0.898558  0.841139  0.889363  0.838318  0.848089   0.827606  0.921060  0.838647     1.000000   0.883421        0.886999      0.854365   0.928070        0.835770     0.800193      0.763957              0.824851               0.798579  0.861195   0.849757  0.826063       0.831729           0.831155             0.863102     0.868403          0.700227         0.580668            0.827267                       0.517992          0.535168            0.670306   0.593997     0.739600        0.768037       0.672088                 0.593523           0.663172      0.769315     0.857052\nanxieties                       0.803507     0.861421       0.728653  0.762765      0.836194      0.200634     0.443149       0.883414      0.850286      0.802167  0.840102      0.896329   0.799353      0.907042  0.854944  0.840114  0.864205  0.926811  0.869410  0.923414  0.871132   0.854663  0.843555  0.929349     0.883421   1.000000        0.914260      0.869468   0.889086        0.914818     0.751261      0.741178              0.810968               0.745661  0.812044   0.801941  0.794387       0.785895           0.831785             0.822827     0.846292          0.706068         0.586114            0.795812                       